8.780574438072097365e-02 3.918912218619654553e-01 -4.075277481490989784e-01 -1.651409217520671824e-02 3.853170454685280744e-01 4.571577633498715709e-01 4.907733805475168465e-01 -1.380819193445798065e-01 8.531851221875297320e-02 -1.150731741460391255e-01
-3.641323171875722187e-01 2.615244760627025711e-01 -2.791409628706175150e-01 1.967967714058799222e-01 3.094607492462642107e-01 -2.274389996368001432e-01 8.499923908720119492e-03 -7.770694777429976163e-02 -4.453356193758839510e-01 2.416063258422392890e-01
3.087170955700695441e-01 3.813180230342405608e-02 2.593324793451239341e-01 -4.589146156387337028e-01 -3.177395909741906888e-01 6.709847479611585896e-02 1.212051208794243662e-01 2.820188765394222585e-01 1.014899356742027248e-01 6.026797035347108977e-02
1.696219088367484362e-01 -3.146080585930931539e-01 -3.518682358351971073e-01 -2.666022148948509196e-01 3.866066047703341502e-01 1.268408566037519947e-01 1.571730573920646634e-01 -1.936012547984579113e-01 -2.409507557679673173e-01 9.708547121522348444e-02
-2.850742149059530828e-01 4.354903130192456784e-01 3.036757349948541185e-01 -4.223525573111863718e-01 -3.251296061727524389e-01 -1.283217127994618068e-02 -2.306626527110633429e-01 -2.097999362597822159e-01 4.613688629740384517e-01 -1.579425940957343011e-01
3.358960385877581833e-01 -1.554072274134556952e-01 2.214472826829712027e-01 -3.160075227420409139e-01 1.859522908215363035e-01 7.425326131592446810e-02 2.278777629239127078e-01 -6.310552979044470323e-02 4.488619206015387331e-01 4.899337367669800436e-01
-1.215948131399841037e-01 2.558642889744805471e-01 4.339262744974001773e-01 3.126646667583344863e-01 -5.034991226122598196e-02 -4.980326866841906508e-01 4.467679748378470261e-01 -1.506083384228320554e-01 -4.629648882624605166e-01 -2.555651451209409730e-01
4.629413623732075989e-01 -3.622946437432106315e-02 -3.757884323821331085e-01 1.674811374287861199e-01 -4.861230370203478701e-01 2.989188305966479220e-01 3.493300294975743014e-02 3.502087217194732593e-01 -2.707997179287456868e-01 -4.098661950728696990e-01
1.927961514517303465e-01 3.149915768502317137e-01 1.315433287533712692e-01 2.728260851890290661e-01 1.311070805966216835e-01 3.906599714636351806e-01 4.927595709542887947e-01 -3.262305651351726787e-01 4.938908214105131034e-02 -3.800057713509195079e-01
2.671463204539772374e-01 -2.718922286133961252e-01 -3.890792764079192834e-01 4.688212939823716008e-01 -5.247120975977503932e-02 3.299427778664995037e-01 -4.740226573738397509e-01 -4.094891317781330642e-01 3.152257780664032838e-01 4.093636891824190549e-01
